4977 4882 4876 5053 
19489 19402 19394 19565 
22185 22092 22084 22261 
25409 25322 25314 25485 
27825 27738 27732 27907 
30785 30696 30684 30861 
36161 36074 36066 36237 
39657 39570 39558 39733 
43689 43602 43592 43765 
49337 49250 49244 49421 
65473 65382 65372 65549 
75095 75004 74988 75161 
78319 78228 78212 78385 
79939 79844 79828 80005 
82625 82532 82516 82693 
85047 84948 84932 85109 
89887 89796 89772 89949 
97687 97592 97572 97749 
99839 99740 99724 99901 
100639 100548 100532 100709 
106823 106732 106716 106893 
107367 107270 107252 107429 
109247 109148 109132 109309 
111399 111304 111284 111461 
121887 121792 121772 121949 
122687 122596 122580 122751 
125111 125020 125002 125173 
126719 126628 126612 126785 
130487 130396 130378 130549 
140421 140320 140308 140485 
141229 141134 141124 141295 
144453 144354 144340 144517 
145261 145166 145156 145329 
157633 157534 157524 157701 
158973 158878 158868 159045 
177533 177432 177420 177597 
180481 180382 180372 180549 
181565 181466 181452 181629 
183437 183342 183332 183509 
188281 188182 188172 188349 
213990 199017 199037 199192 
216833 199138 199233 199382 
223086 199529 199602 199751 
223086 199531 199602 199751 
259459 201798 202006 202091 
267749 202282 202511 202624 
270490 202487 202675 202788 
274619 202733 202962 203038 
282893 203266 203454 203559 
284271 203348 203568 203641 
305064 204533 204750 204861 
312674 204991 205211 205306 
336729 206461 206732 206802 
343320 206869 207138 207245 
364596 208137 208396 208523 
390357 209630 209889 210008 
394295 209840 210115 210232 
415161 211038 211341 211460 
415163 211038 211341 211460 
484627 215240 215699 215738 
513592 216858 217319 217331 
517102 217041 217504 217539 
524120 217446 217907 217905 
570630 220018 220473 220477 
589059 221046 221464 221507 
591693 221194 221610 221655 
629431 223254 223699 223748 
651360 224477 224908 224961 
688207 226523 226960 227008 
706347 227556 228031 228078 
710728 227837 228342 228379 
710730 227837 228342 228379 
731146 229137 229657 229650 
731148 229137 229657 229650 
736967 229504 230038 230015 
741321 229746 230335 230302 
749606 230233 230809 230746 
752238 230379 230945 230894 
815414 233870 234451 234381 
818044 234018 234599 234527 
847014 235611 236176 236141 
851387 235854 236433 236398 
895255 238278 238855 238820 
895257 238278 238855 238820 
901418 238611 239184 239149 
932119 240338 240872 240837 
947918 241193 241752 241717 
971594 242505 243074 243039 
971596 242505 243074 243039 
978623 242910 243458 243405 
983893 243204 243734 243699 
1026000 245519 246082 246047 
1042677 246438 246999 246964 
1047061 246695 247256 247184 
1082161 248642 249166 249129 
1084799 248790 249310 249275 
1120762 250774 251329 251257 
1136563 251658 252172 252137 
1185701 254376 254886 254853 
1186579 254413 254960 254906 
1194475 254853 255400 255328 
1234286 257155 257790 257705 
1234288 257155 257790 257705 
1248777 258084 258720 258605 
1248779 258084 258720 258605 
1292598 260586 261289 261161 
1316301 261914 262602 262457 
1323325 262280 262983 262862 
1375971 265220 265882 265759 
1396147 266322 267019 266896 
1408446 267019 267679 267558 
1427735 268088 268744 268621 
1494411 271762 272449 272326 
1517243 273012 273697 273574 
1518982 273121 273806 273685 
1565486 275693 276374 276253 
1569009 275876 276559 276436 
1585686 276823 277476 277353 
1595321 277348 278025 277904 
1597960 277496 278173 278047 
1615523 278460 279127 279004 
1645348 280103 280778 280655 
1654998 280654 281327 281171 
1705894 283485 284115 283994 
1717295 284108 284770 284617 
1726955 284624 285289 285168 
1742739 285506 286171 286048 
1787502 287995 288628 288505 
1840129 290909 291564 291404 
1841896 290983 291636 291515 
1865578 292305 292958 292835 
1937544 296305 296920 296797 
1941915 296532 297177 297054 
1948070 296861 297506 297385 
1988423 299104 299745 299622 
1988425 299104 299745 299622 
1990177 299213 299854 299696 
1998092 299655 300277 300136 
2000720 299803 300411 300282 
2001588 299840 300479 300347 
2005982 300095 300699 300576 
2020886 300905 301542 301419 
2045459 302264 302899 302778 
2056874 302889 303524 303401 
2124426 306637 307266 307143 
2153394 308255 308843 308720 
2162166 308732 309357 309197 
2205164 311121 311705 311582 
2242900 313195 313796 313673 
2248162 313473 314090 313967 
2256928 313987 314567 314444 
2283759 315632 316360 316143 
2311058 317267 318034 317813 
2352289 319566 320310 320091 
2368962 320485 321235 321008 
2415466 323057 323821 323576 
2426874 323682 324455 324209 
2445301 324712 325450 325227 
2458466 325437 326180 325961 
2490933 327210 327977 327760 
2493561 327358 328125 327906 
2501461 327798 328565 328346 
2521636 328937 329665 329446 
2541804 330039 330802 330585 
2545327 330222 330987 330768 
2568150 331509 332253 332014 
2571648 331694 332453 332233 
2587434 332574 333335 333079 
2592715 332870 333616 333373 
2635713 335248 335975 335758 
2676074 337463 338214 337995 
2690111 338238 338985 338766 
2703273 338970 339717 339500 
2719057 339852 340599 340380 
2720822 339963 340683 340454 
2741883 341102 341845 341628 
2798036 344225 344964 344743 
2819094 345401 346121 345882 
2895433 349628 350338 350101 
2920004 350987 351701 351460 
2924388 351207 351934 351717 
2963002 353361 354062 353845 
2975276 354038 354759 354533 
2982300 354441 355127 354908 
2997204 355251 355970 355751 
2998975 355362 356050 355825 
3021777 356610 357327 357110 
3023540 356721 357407 357182 
3029680 357050 357769 357525 
3033192 357235 357952 357733 
3039341 357586 358281 358064 
3056885 358557 359272 359018 
3094613 360652 361352 361109 
3129712 362601 363271 363052 
3138484 363078 363785 363529 
3181482 365467 366133 365914 
3198149 366386 367064 366831 
3218327 367488 368187 367968 
3224480 367819 368518 368299 
3227990 368039 368701 368482 
3233246 368333 368995 368776 
3234128 368370 369067 368813 
3272727 370502 371195 370978 
3300817 372046 372737 372518 
3305195 372303 372994 372754 
3344689 374474 375159 374940 
3379788 376419 377102 376883 
3409617 378072 378753 378534 
3435064 379505 380147 379928 
3450865 380350 381029 380810 
3454369 380570 381212 380993 
3464023 381086 381761 381544 
3471907 381526 382203 381984 
3485078 382262 382935 382681 
3487708 382410 383083 382827 
3526311 384540 385211 384992 
3528076 384651 385285 385066 
3600911 388656 389319 389100 
3601777 388730 389364 389137 
3655311 391670 392327 392110 
3657063 391781 392438 392204 
3663199 392110 392769 392550 
3670219 392515 393172 392916 
3674618 392735 393392 393173 
3678124 392957 393583 393356 
3680756 393103 393721 393504 
3693036 393763 394418 394201 
3712341 394830 395483 395264 
3714095 394939 395592 395338 
3744800 396631 397280 397061 
3760605 397513 398162 397918 
3801834 399791 400436 400217 
3807101 400085 400730 400496 
3857117 402842 403481 403262 
3879934 404127 404733 404510 
3912397 405930 406526 406307 
3914153 406002 406635 406418 
3936968 407289 407883 407664 
3974708 409349 409974 409755 
3975582 409421 410041 409792 
3986976 410044 410671 410421 
3988738 410155 410745 410526 
4005405 411074 411666 411443 
4035246 412727 413313 413094 
4050148 413535 414156 413939 
4053671 413718 414341 414122 
4054553 413792 414390 414159 
4079124 415153 415755 415516 
4112449 416991 417606 417356 
4146687 418888 419477 419258 
4187044 421107 421714 421495 
4188788 421218 421825 421573 
4195823 421610 422191 421972 
4214245 422614 423219 423000 
4223887 423163 423768 423514 
4227401 423348 423953 423734 
4246708 424413 425016 424797 
4266011 425478 426081 425862 
4292334 426950 427547 427293 
4294964 427098 427695 427439 
4309007 427867 428464 428240 
4321300 428559 429126 428907 
4350312 430227 430860 430617 
4428180 434772 435529 435179 
4430812 434918 435677 435325 
4436952 435251 436008 435695 
4516812 439659 440410 440099 
4574724 442893 443603 443290 
4577354 443041 443749 443436 
4589628 443703 444446 444133 
4614201 445062 445803 445492 
4624732 445650 446391 446045 
4625616 445687 446428 446115 
4640533 446532 447252 446923 
4641400 446569 447308 446995 
4646673 446863 447602 447272 
4662472 447745 448477 448132 
4684396 448958 449693 449343 
4695813 449583 450316 449996 
4722136 451053 451747 451434 
4730908 451530 452261 451911 
4741445 452118 452830 452499 
4763382 453331 454053 453710 
4768640 453625 454321 454002 
4773906 453919 454609 454296 
4810751 455940 456663 456350 
4816904 456271 456994 456681 
4820414 456491 457177 456864 
4825670 456785 457471 457158 
4851123 458181 458902 458560 
4865151 458954 459671 459360 
4887985 460212 460919 460606 
4893241 460498 461213 460900 
4912546 461569 462276 461963 
4935350 462850 463561 463211 
4968691 464686 465395 465082 
4972212 464871 465578 465265 
4998531 466341 467046 466718 
5002041 466524 467229 466916 
5002913 466598 467266 466953 
5023102 467700 468403 468081 
5027488 467957 468623 468310 
5043283 468802 469505 469192 
5044161 468876 469552 469229 
5046793 469022 469688 469375 
5056441 469538 470237 469926 
5062596 469883 470568 470255 
5064331 469978 470679 470366 
5080132 470862 471559 471209 
5093301 471594 472274 471943 
5155593 475050 475704 475391 
5169642 475821 476493 476162 
5193335 477108 477795 477482 
5197713 477365 478052 477732 
5212638 478191 478860 478547 
5216138 478395 479073 478730 
5236314 479497 480180 479867 
5245981 480048 480708 480381 
5247735 480122 480803 480492 
5255623 480562 481245 480932 
5260885 480856 481537 481224 
5267042 481187 481868 481555 
5273178 481555 482199 481886 
5304765 483282 483959 483646 
5306519 483391 484068 483720 
5319682 484127 484785 484454 
5322312 484275 484919 484600 
5344251 485486 486146 485811 
5394258 488243 488912 488599 
5398651 488502 489136 488819 
5423216 489861 490493 490176 
5433746 490447 491077 490764 
5438136 490669 491334 491021 
5449541 491294 491957 491644 
5460958 491951 492580 492267 
5472358 492579 493217 492892 
5494291 493792 494436 494103 
5500435 494123 494782 494462 
5504821 494382 495002 494689 
5506577 494454 495111 494800 
5529392 495741 496359 496046 
5530264 495778 496433 496089 
5552203 496989 497644 497316 
5563607 497614 498267 497954 
5563609 497614 498267 497954 
5564500 497673 498304 497991 
5573270 498165 498793 498468 
5576768 498350 499001 498675 
5579400 498496 499147 498811 
5581162 498607 499221 498908 
5644477 500616 501272 501029 
5719711 501484 502040 501753 
5731697 501576 502182 501883 
5768009 504297 505044 504774 
5774011 505062 505841 505584 
5781782 506697 507392 507087 
5792920 509615 510257 510102 
5809019 513443 514041 513919 
5816787 515350 515982 515833 
5845676 521388 522014 521888 
5852950 530512 531476 530414 
5854200 535304 535622 535124 
5854812 537802 537930 537464 
5855736 541004 541030 540852 
5856238 542724 542936 543040 
5856696 544448 544772 544530 
5857452 546950 547598 547392 
5858978 552730 553018 552916 
5860936 559990 560298 560322 
5864956 563579 564101 563952 
5870596 570753 571317 571454 
5897169 574728 575143 575548 
5934457 580064 581117 581980 
5935879 580314 581301 582202 
5940353 580896 582023 583022 
5953797 582836 584185 585268 
5981455 586794 588459 589978 
5981897 586902 588503 589994 
5983150 586966 588762 590232 
5989424 587736 589496 590826 
6022090 591282 593078 594602 
6022542 591346 593078 594674 
6031032 592332 593980 595572 
6035738 592906 594516 596084 
6059072 595400 597026 598772 
6090484 598832 600540 602294 
6118858 601982 603652 605402 
6119746 602110 603652 605556 
6120150 602186 603750 605556 
6202488 611288 612704 614786 
6214220 612506 613882 616180 
6225658 613786 615290 617332 
6234694 614742 616078 618484 
6241640 615512 616852 619252 
6242444 615640 616978 619316 
6244602 615832 617234 619636 
6271226 618772 620074 622580 
6304256 622458 623664 626292 
6315768 623620 624990 627642 
6325200 624772 626026 628596 
6335914 625908 627092 629876 
6339862 626358 627622 630260 
6379358 630674 631888 634740 
6412240 634174 635458 638578 
6413146 634364 635530 638580 
6455258 638916 640110 643444 
6460484 639556 640658 643956 
6497126 643496 644750 648144 
6534796 647654 648770 652370 
6538748 648168 649246 652754 
6545618 648912 650002 653522 
6567228 651268 652386 655930 
