4977 4878 4880 5061
19489 19398 19398 19573
22185 22088 22088 22269
25409 25318 25318 25493
27825 27734 27736 27915
30785 30692 30688 30869
36161 36070 36070 36245
39657 39566 39562 39741
43689 43598 43596 43773
49337 49246 49248 49429
65473 65378 65376 65557
75095 75000 74992 75169
78319 78224 78216 78393
79939 79840 79832 80013
82625 82528 82520 82701
85047 84944 84936 85117
89887 89792 89776 89957
97687 97588 97576 97757
99839 99736 99728 99909
100639 100544 100536 100717
106823 106728 106720 106901
107367 107266 107256 107437
109247 109144 109136 109317
111399 111300 111288 111469
121887 121788 121776 121957
122687 122592 122584 122759
125111 125016 125006 125181
126719 126624 126616 126793
130487 130392 130382 130557
140421 140316 140312 140493
141229 141130 141128 141303
144453 144350 144344 144525
145261 145162 145160 145337
157633 157530 157528 157709
158973 158874 158872 159053
177533 177428 177424 177605
180481 180378 180376 180557
181565 181462 181456 181637
183437 183338 183336 183517
188281 188178 188176 188357
202910 202663 202711 202960
203619 203374 203709 203892
205626 205251 205430 205669
205626 205253 205430 205669
216487 216112 216294 216469
218999 218428 218769 218978
219802 219355 219541 219750
220973 220551 220892 220944
223507 223048 223208 223417
223897 223446 223690 223803
230022 229439 229770 229985
232290 231761 231979 232160
239435 238837 239220 239240
241386 240767 241152 241275
247818 246975 247328 247539
255423 254548 254855 255066
256593 255660 256013 256224
262641 261804 262189 262374
262641 261804 262189 262376
283423 282270 282709 282910
291894 290762 291201 291251
292932 291727 292166 292369
295014 293850 294223 294299
308664 307360 307773 307809
314123 312738 313010 313213
314903 313490 313782 313985
326017 324354 324783 324986
332452 330755 331152 331355
343179 341521 341960 342046
348641 346760 347213 347406
349848 348087 348584 348775
349850 348087 348584 348775
356052 354221 354567 354758
356052 354223 354567 354758
357807 355926 356304 356495
359053 357158 357655 357846
361512 359667 360057 360166
362292 360439 360795 360938
380818 378774 379257 379275
381598 379546 380005 380047
390176 387893 388342 388539
391349 389196 389693 389842
404225 401934 402431 402626
404227 401934 402431 402626
406160 403677 404168 404365
415137 412740 413054 413243
419816 417219 417678 417875
426650 424129 424626 424815
426650 424129 424626 424817
428787 426252 426612 426753
430347 427790 428104 428297
442634 439955 440452 440615
447555 444780 445277 445474
448873 446131 446568 446632
459207 456360 456678 456861
459987 457122 457440 457633
470518 467554 468003 468055
475197 472164 472490 472687
489627 486454 486774 486969
489823 486661 487158 487224
492163 488977 489446 489478
503970 500559 501114 501301
503972 500559 501114 501301
508351 504936 505360 505547
508351 504938 505360 505547
521222 517736 518291 518393
528241 524684 525118 525239
530313 526614 527169 527362
545791 542024 542416 542609
551643 547844 548399 548506
555346 551425 551873 552066
561001 557062 557470 557663
580503 576408 576963 577082
587317 582974 583525 583718
587718 583549 584104 584231
601368 597059 597614 597773
602513 598024 598579 598772
607410 602935 603404 603597
610143 605744 606299 606420
610922 606516 607071 607175
616185 611566 612089 612282
624932 620219 620774 620967
627692 623114 623669 623683
642706 637923 638337 638530
646021 641256 641710 641811
648867 643958 644513 644706
653433 648590 649145 649304
666690 661603 662076 662269
682097 676961 677440 677516
682680 677361 677902 678095
689510 684295 684850 685029
710760 705233 705694 705887
711933 706490 707045 707218
713846 708227 708782 708975
725599 720000 720555 720748
725601 720000 720555 720748
726167 720579 721068 721134
728506 722895 723317 723450
729286 723667 724049 724222
729482 723860 724415 724505
730846 725175 725573 725766
735138 729457 730012 730153
742353 736598 737153 737304
745756 739879 740434 740627
765558 759565 760120 760237
774136 768049 768423 768612
776672 770566 771101 771121
789346 783095 783473 783666
800460 793971 794474 794667
802006 795465 796018 796211
804556 798131 798527 798720
812555 806080 806584 806683
820744 814039 814606 814791
832835 826098 826572 826759
837710 830977 831427 831584
851360 844487 844987 845094
854676 847768 848381 848403
860135 853172 853612 853779
864034 856927 857452 857639
873583 866300 866909 867096
874341 867068 867681 867868
876613 869384 869997 870184
882560 875365 875793 875974
888412 881157 881770 881899
889533 882122 882735 882922
896210 888877 889363 889484
897186 889842 890455 890553
901866 894474 895009 895081
903425 896018 896514 896625
916099 908450 908983 909170
927912 920143 920756 920943
932089 924214 924809 924996
935887 928056 928669 928856
940477 932688 933301 933430
941060 933267 933729 933874
947297 939256 939863 940050
963682 955655 956268 956371
969920 961831 962317 962438
992345 984026 984504 984633
999560 991167 991659 991774
1000866 992325 992938 993125
1012234 1003593 1004132 1004319
1015746 1007186 1007799 1007883
1017890 1009249 1009729 1009916
1022182 1013555 1014168 1014279
1022765 1014134 1014580 1014741
1029397 1020696 1021309 1021430
1029980 1021275 1021721 1021882
1031736 1023012 1023625 1023659
1032776 1023977 1024590 1024777
1034659 1025780 1026327 1026514
1039731 1030925 1031538 1031546
1050845 1041926 1042430 1042533
1061180 1052127 1052575 1052762
1063716 1054664 1055233 1055271
1076390 1067169 1067629 1067816
1081265 1072034 1072498 1072641
1087117 1077824 1078437 1078600
1089028 1079561 1080174 1080361
1090040 1080711 1081143 1081326
1091600 1082205 1082683 1082870
1091796 1082456 1083065 1083069
1103107 1093650 1094263 1094390
1111445 1101756 1102369 1102556
1112661 1103107 1103720 1103766
1124359 1114510 1115107 1115294
1134618 1124723 1125336 1125523
1143347 1133408 1134021 1134208
1150880 1140875 1141355 1141542
1155527 1145374 1145987 1146174
1156535 1146522 1146956 1147139
1159307 1149234 1149847 1150034
1161607 1151550 1152163 1152308
1165506 1155410 1156023 1156025
1166286 1156182 1156779 1156789
1177597 1167376 1167989 1168100
1178180 1167955 1168389 1168562
1199605 1188992 1189605 1189792
1199825 1189378 1189828 1189985
1215559 1204818 1205431 1205618
1216011 1205397 1206010 1206076
1217821 1207134 1207747 1207934
1219911 1209257 1209798 1209864
1221264 1210419 1211028 1211215
1222250 1211573 1212025 1212180
1223030 1212339 1212771 1212952
1226556 1215819 1216432 1216619
1232265 1221416 1222029 1222216
1232781 1221995 1222594 1222602
1241756 1230873 1231486 1231665
1246431 1235505 1236118 1236152
1258522 1247471 1248084 1248209
1260081 1249015 1249628 1249696
1274827 1263490 1264103 1264290
1281530 1270245 1270685 1270852
1291085 1279652 1280122 1280309
1291539 1280088 1280701 1280888
1298300 1286799 1287263 1287450
1309414 1297665 1298264 1298451
1309610 1298037 1298553 1298644
1312926 1301318 1301931 1301945
1313510 1301841 1302317 1302504
1318385 1306722 1307160 1307329
1327160 1315387 1315827 1316014
1331452 1319653 1320266 1320415
1332593 1320618 1321231 1321418
1332815 1321004 1321472 1321611
1340030 1328145 1328629 1328752
1349781 1337795 1338408 1338426
1359919 1347710 1348251 1348438
1371722 1359411 1360024 1360211
1372206 1359990 1360603 1360613
1374349 1362002 1362533 1362720
1379701 1367324 1367937 1368124
1382541 1370219 1370754 1370826
1383517 1371184 1371797 1371946
1389186 1376781 1377394 1377581
1394893 1382378 1382991 1383178
1402626 1390098 1390701 1390707
1403406 1390870 1391451 1391477
1407501 1394923 1395536 1395626
1411204 1398489 1399010 1399197
1419790 1406967 1407540 1407727
1442802 1429858 1430491 1430517
1443582 1430630 1431239 1431289
1445338 1432367 1433038 1433171
1468884 1455527 1456198 1456379
1485896 1472463 1472989 1473170
1486676 1473209 1473761 1473942
1490188 1476757 1477428 1477545
1497403 1483898 1484569 1484696
1500522 1486986 1487657 1487661
1500794 1487179 1487850 1488031
1505201 1491618 1492152 1492277
1505398 1491811 1492482 1492589
1506957 1493355 1494026 1494080
1511636 1497987 1498565 1498646
1518072 1504356 1504955 1505015
1521387 1507637 1508308 1508384
1529186 1515341 1515835 1516016
1531722 1517866 1518505 1518525
1534841 1520954 1521492 1521613
1541276 1527323 1527903 1527982
1542836 1528867 1529367 1529526
1544396 1530383 1530889 1531070
1555125 1541026 1541697 1541864
1557046 1542763 1543434 1543615
1558046 1543921 1544407 1544580
1559606 1545419 1545943 1546124
1567017 1552799 1553470 1553488
1571113 1556852 1557523 1557656
1577935 1563444 1564085 1564266
1579463 1564958 1565629 1565810
1585150 1570579 1571226 1571407
1591782 1577310 1577919 1577969
1601533 1586960 1587631 1587738
1602636 1587925 1588596 1588777
1610307 1595645 1596316 1596376
1611365 1596610 1597281 1597462
1611671 1596938 1597474 1597655
1617522 1602786 1603457 1603529
1618886 1604089 1604615 1604796
1623539 1608576 1609247 1609428
1623761 1608962 1609482 1609621
1624541 1609732 1610220 1610393
1627319 1612436 1613107 1613288
1629220 1614221 1614844 1615025
1629613 1614752 1615423 1615574
1634292 1619384 1620047 1620047
1638191 1623244 1623782 1623903
1656521 1641316 1641864 1642045
1660616 1645439 1645973 1646098
1667621 1652196 1652865 1653046
1668807 1653545 1654216 1654302
1673290 1657849 1658462 1658643
1674266 1658949 1659521 1659608
1680126 1664739 1665410 1665591
1683041 1667634 1668158 1668293
1683577 1668020 1668691 1668872
1685839 1670336 1671007 1671188
1687347 1671880 1672551 1672732
1689278 1673625 1674288 1674469
1691036 1675547 1676037 1676206
1700283 1684618 1685289 1685470
1700787 1685197 1685862 1685860
1704686 1689057 1689597 1689716
1705466 1689829 1690331 1690488
1711901 1696198 1696746 1696857
1726528 1710673 1711344 1711475
1727891 1712024 1712518 1712683
1735106 1719165 1719659 1719824
1738226 1722173 1722731 1722912
1739412 1723411 1724082 1724263
1742845 1726692 1727363 1727544
1746220 1730075 1730644 1730825
1749536 1733447 1733965 1734106
1755971 1739816 1740368 1740475
1757727 1741553 1742224 1742306
1759091 1742866 1743382 1743563
1759557 1743290 1743961 1744142
1766306 1750013 1750523 1750704
1766502 1750238 1750909 1750923
1772937 1756607 1757278 1757338
1776263 1759888 1760559 1760740
1776265 1759888 1760559 1760740
1776640 1760151 1760752 1760933
1779176 1762783 1763303 1763442
1780152 1763748 1764419 1764483
1780932 1764520 1765191 1765219
1781516 1765055 1765577 1765758
1798925 1782424 1782958 1783095
1818313 1801844 1802344 1802495
1821405 1804932 1805418 1805591
1832641 1816043 1816744 1816704
1834779 1818126 1818779 1818822
1837948 1821245 1821806 1821967
1842964 1826165 1826739 1827034
1849879 1833009 1833697 1833845
1853335 1836378 1836968 1837279
1865230 1848126 1848776 1848842
1873708 1856548 1857564 1857540
1877608 1860348 1861050 1861252
1879548 1862402 1862992 1863074
1882294 1864998 1865616 1865722
1883776 1866490 1867192 1867488
1885066 1867926 1868746 1868716
1887338 1870066 1870970 1871026
1891914 1874678 1875486 1875572
1897932 1880700 1881354 1881568
1902320 1885133 1884575 1884568
1920928 1889201 1887009 1886990
1930795 1898734 1896483 1896584
1944559 1912180 1910267 1910620
1945131 1912684 1910743 1911146
1946777 1914282 1912385 1912858
1951715 1919156 1917353 1917870
1961945 1929114 1927507 1928128
1962095 1929266 1927603 1928340
1962570 1929686 1928086 1928776
1964650 1931846 1930152 1930842
1975550 1942680 1941096 1941734
1975686 1942884 1941236 1941842
1978470 1945672 1944092 1944690
1980090 1947246 1945684 1946232
1987780 1955070 1953494 1953934
1998242 1965508 1963980 1964428
2007608 1974972 1973470 1973852
2007890 1975302 1973770 1974110
2008064 1975408 1973882 1974296
2035336 2002926 2001350 2001662
2039122 2006830 2005318 2005526
2042962 2010642 2009144 2009326
2045854 2013656 2012150 2012346
2048166 2015964 2014468 2014666
2048484 2016272 2014708 2014922
2049252 2016966 2015452 2015642
2057972 2025830 2024350 2024508
2068954 2036792 2035422 2035510
2072790 2040630 2039258 2039350
2075932 2043816 2042368 2042486
2079410 2047322 2046036 2046030
2080774 2048682 2047324 2047330
2093830 2061804 2060576 2060458
2104732 2072742 2071560 2071424
2104996 2073004 2071880 2071748
2118986 2087014 2086058 2085678
2120684 2088712 2087822 2087444
2132900 2100910 2100074 2099640
2145294 2113426 2112754 2112124
2146668 2114716 2114056 2113484
2148936 2117004 2116334 2115788
2156080 2124222 2123550 2122968
